0073460646
0082562427
010777405K
0107915133
0118848225
0125500145
0128368485
0130082068
0136479660
0141519182
0141757296
0142055473
0143905365
0150072476
0150233615
0151367356
0151371620
0151670059
0152362552
0152631170
0154171878
0154587217
015543869K
016019071K
016039112K
0160842245
0161075973
0162245384
0162359630
0163951363
016467925K
0164969185
0166451647
0167732062
0167810160
0168178387
0169706239
0170119134
0171640717
0174481032
0174737479
0175900527
0177982318
0179693712
0180138684
0184012669
0185005305
0185305686
0186571320
0192718317
0199134086
0215068730
0215994406
0217366755
